(197, 156, 142)
(251, 139, 122)
(255, 153, 136)
(253, 156, 150)
(157, 125, 113)
(160, 128, 116)
(185, 129, 114)
(184, 131, 112)
(185, 132, 113)
(183, 135, 115)
(184, 136, 116)
(190, 134, 121)
(191, 135, 122)
(194, 134, 124)
(189, 134, 126)
(199, 158, 144)
(189, 128, 113)
(227, 130, 124)
(255, 159, 153)
(190, 148, 137)
(193, 151, 140)
(255, 151, 134)
(255, 152, 135)
(255, 152, 130)
(255, 150, 128)
(255, 149, 127)
(255, 148, 126)
(255, 145, 131)
(255, 145, 133)
(246, 144, 138)
(254, 152, 139)
(255, 142, 114)
(255, 154, 126)
(236, 153, 134)
(237, 154, 135)
(236, 150, 134)
(234, 148, 132)
(247, 161, 154)
(233, 147, 140)
(191, 149, 138)
(196, 154, 143)
(255, 154, 137)
(255, 155, 138)
(255, 153, 131)
(252, 147, 125)
(255, 147, 125)
(255, 144, 130)
(255, 143, 129)
(254, 143, 131)
(244, 142, 136)
(251, 149, 136)
(255, 155, 127)
(206, 144, 134)
(205, 143, 133)
(227, 144, 125)
(231, 148, 129)
(238, 152, 136)
(233, 147, 131)
(222, 136, 129)
(213, 127, 120)
(229, 146, 140)
(206, 150, 123)
(251, 165, 141)
(243, 157, 133)
(246, 141, 127)
(220, 151, 135)
(255, 147, 118)
(255, 151, 122)
(206, 155, 136)
(200, 153, 128)
(179, 132, 107)
(212, 141, 134)
(251, 149, 145)
(244, 142, 138)
(202, 146, 119)
(236, 150, 126)
(228, 142, 118)
(231, 126, 112)
(219, 150, 134)
(255, 156, 127)
(251, 142, 113)
(208, 157, 138)
(198, 151, 126)
(177, 130, 105)
(239, 137, 133)
(232, 130, 126)
(210, 145, 138)
(184, 143, 120)
(239, 146, 122)
(233, 140, 116)
(230, 127, 105)
(214, 149, 133)
(255, 160, 137)
(253, 142, 119)
(216, 134, 121)
(245, 129, 129)
(221, 129, 113)
(235, 144, 125)
(226, 135, 116)
(211, 132, 106)
(228, 149, 123)
(199, 144, 113)
(191, 130, 117)
(197, 136, 123)
(202, 141, 128)
(232, 130, 117)
(255, 144, 138)
(255, 133, 127)
(164, 123, 100)
(235, 142, 118)
(234, 141, 117)
(231, 128, 106)
(213, 148, 132)
(255, 157, 134)
(211, 139, 107)
(222, 140, 127)
(251, 135, 135)
(172, 163, 142)
(241, 149, 133)
(241, 150, 131)
(232, 141, 122)
(255, 169, 150)
(255, 164, 148)
(209, 130, 104)
(225, 146, 120)
(200, 145, 114)
(198, 149, 144)
(212, 140, 108)
(221, 141, 101)
(222, 142, 102)
(182, 159, 146)
(226, 152, 144)
(235, 153, 142)
(241, 159, 148)
(251, 156, 141)
(241, 146, 131)
(214, 139, 136)
(255, 136, 135)
(255, 137, 136)
(246, 141, 140)
(255, 150, 149)
(250, 145, 144)
(255, 133, 135)
(255, 129, 131)
(255, 142, 142)
(238, 134, 117)
(252, 148, 131)
(255, 161, 149)
(239, 137, 124)
(229, 140, 119)
(233, 142, 132)
(249, 158, 148)
(255, 142, 136)
(248, 147, 127)
(178, 145, 121)
(237, 144, 114)
(241, 148, 118)
(204, 137, 110)
(213, 147, 133)
(254, 140, 118)
(255, 145, 123)
(239, 166, 137)
(203, 130, 101)
(178, 137, 123)
(207, 153, 149)
(240, 154, 123)
(233, 147, 116)
(236, 131, 102)
(255, 152, 123)
(255, 170, 138)
(253, 157, 125)
(206, 141, 106)
(202, 137, 102)
(203, 138, 103)
(255, 156, 138)
(246, 147, 129)
(152, 103, 75)
(202, 153, 125)
(221, 162, 129)
(204, 145, 112)
(240, 138, 134)
(207, 113, 108)
(223, 129, 124)
(199, 140, 127)
(200, 141, 128)
(229, 139, 125)
(221, 147, 139)
(210, 143, 127)
(213, 150, 134)
(208, 136, 121)
(187, 115, 100)
(242, 140, 127)
(221, 151, 137)
(220, 150, 136)
(249, 148, 130)
(239, 138, 120)
(244, 137, 125)
(200, 131, 122)
(237, 132, 131)
(235, 146, 144)
(226, 151, 148)
(180, 126, 121)
(193, 139, 134)
(255, 160, 136)
(217, 134, 106)
(235, 152, 124)
(242, 149, 126)
(226, 133, 110)
(162, 140, 122)
(167, 145, 127)
(223, 135, 110)
(230, 142, 117)
(159, 127, 115)
(233, 145, 120)
(247, 159, 134)
(228, 140, 115)
(243, 150, 120)
(206, 139, 112)
(255, 165, 143)
(242, 156, 125)
(249, 144, 115)
(255, 150, 121)
(249, 153, 121)
(245, 146, 128)
(228, 129, 111)
(225, 166, 133)
(208, 149, 116)
(204, 148, 121)
(204, 130, 122)
(220, 146, 138)
(242, 140, 136)
(241, 139, 135)
(228, 138, 124)
(235, 145, 131)
(194, 149, 135)
(219, 145, 137)
(255, 168, 152)
(241, 139, 126)
(204, 143, 130)
(255, 165, 153)
(250, 143, 131)
(255, 160, 159)
(255, 155, 154)
(232, 143, 141)
(242, 144, 120)
(249, 151, 127)
(219, 136, 108)
(239, 156, 128)
(224, 136, 111)
(182, 94, 69)
(238, 150, 125)
(172, 145, 125)
(242, 144, 112)
(250, 152, 120)
(203, 144, 109)
(211, 147, 133)
(247, 132, 114)
(249, 134, 116)
(238, 154, 114)
(243, 159, 119)
(247, 144, 106)
(252, 149, 111)
(224, 130, 125)
(244, 150, 145)
(227, 140, 138)
(184, 144, 115)
(239, 169, 143)
(218, 148, 122)
(217, 143, 118)
(223, 149, 124)
(222, 133, 112)
(237, 148, 127)
(241, 143, 120)
(217, 119, 96)
(255, 156, 151)
(255, 138, 120)
(249, 149, 126)
(239, 139, 116)
(228, 160, 137)
(241, 142, 122)
(204, 151, 143)
(214, 149, 142)
(247, 136, 133)
(239, 152, 116)
(217, 141, 104)
(233, 152, 116)
(238, 157, 121)
(224, 137, 109)
(225, 138, 110)
(236, 149, 121)
(253, 155, 123)
(205, 146, 111)
(255, 151, 133)
(237, 153, 113)
(246, 143, 105)
(248, 145, 107)
(235, 141, 136)
(242, 148, 143)
(230, 143, 141)
(216, 142, 117)
(229, 155, 130)
(231, 158, 138)
(240, 151, 130)
(240, 142, 119)
(218, 120, 97)
(226, 117, 112)
(245, 136, 131)
(253, 136, 118)
(255, 141, 123)
(225, 157, 134)
(255, 166, 146)
(200, 135, 128)
(240, 129, 126)
(240, 153, 117)
(232, 156, 119)
(239, 158, 122)
(245, 158, 130)
(253, 166, 138)
(237, 141, 121)
(243, 147, 127)
(236, 152, 112)
(230, 146, 106)
(248, 143, 103)
(236, 131, 91)
(239, 164, 121)
(227, 152, 109)
(238, 163, 120)
(255, 158, 127)
(255, 154, 123)
(229, 144, 132)
(229, 150, 135)
(250, 141, 127)
(202, 105, 99)
(204, 106, 95)
(239, 135, 116)
(253, 149, 130)
(245, 138, 116)
(225, 118, 96)
(241, 144, 131)
(237, 140, 127)
(222, 147, 125)
(255, 144, 133)
(255, 145, 134)
(232, 152, 130)
(227, 140, 119)
(245, 127, 125)
(242, 155, 119)
(178, 91, 55)
(235, 154, 118)
(240, 153, 125)
(226, 142, 102)
(255, 171, 131)
(244, 139, 99)
(228, 153, 110)
(229, 154, 111)
(230, 155, 112)
(255, 151, 120)
(222, 137, 125)
(238, 129, 115)
(195, 140, 130)
(199, 144, 134)
(239, 142, 136)
(241, 143, 132)
(252, 148, 129)
(222, 115, 93)
(243, 146, 133)
(237, 147, 133)
(233, 143, 129)
(255, 147, 136)
(255, 159, 146)
(230, 150, 128)
(228, 141, 120)
(246, 128, 126)
(231, 155, 118)
(236, 155, 119)
(232, 151, 115)
(246, 159, 131)
(243, 156, 128)
(168, 144, 126)
(246, 153, 129)
(205, 144, 117)
(207, 148, 135)
(229, 141, 125)
(235, 147, 131)
(241, 148, 116)
(230, 137, 105)
(246, 141, 110)
(248, 143, 112)
(225, 146, 129)
(215, 136, 119)
(225, 151, 134)
(219, 143, 128)
(224, 131, 121)
(245, 152, 142)
(224, 139, 118)
(235, 150, 129)
(237, 139, 116)
(212, 114, 91)
(173, 130, 107)
(255, 160, 143)
(255, 148, 131)
(136, 104, 83)
(166, 134, 113)
(225, 162, 144)
(247, 149, 126)
(220, 147, 125)
(225, 142, 121)
(239, 131, 123)
(226, 153, 124)
(185, 88, 61)
(235, 153, 122)
(229, 147, 116)
(220, 137, 109)
(242, 159, 131)
(242, 157, 129)
(247, 142, 111)
(243, 151, 144)
(218, 139, 122)
(224, 150, 133)
(213, 137, 122)
(217, 141, 126)
(239, 146, 136)
(222, 137, 116)
(235, 123, 106)
(253, 152, 132)
(180, 117, 99)
(204, 141, 123)
(221, 163, 146)
(243, 160, 132)
(241, 156, 128)
(159, 145, 128)
(227, 141, 127)
(238, 152, 138)
(224, 140, 126)
(196, 148, 139)
(255, 136, 130)
(254, 144, 127)
(242, 132, 115)
(252, 142, 125)
(255, 149, 132)
(212, 154, 127)
(221, 133, 119)
(236, 148, 134)
(215, 137, 117)
(227, 142, 121)
(226, 151, 129)
(195, 120, 98)
(205, 137, 114)
(212, 144, 121)
(206, 147, 125)
(246, 135, 113)
(231, 141, 117)
(206, 116, 92)
(255, 154, 140)
(210, 142, 119)
(255, 136, 118)
(255, 148, 127)
(205, 144, 118)
(244, 149, 126)
(234, 139, 116)
(212, 159, 132)
(239, 146, 123)
(227, 134, 111)
(250, 146, 129)
(219, 151, 130)
(255, 141, 119)
(216, 139, 107)
(236, 155, 127)
(255, 146, 129)
(255, 165, 148)
(223, 165, 138)
(184, 125, 103)
(224, 136, 122)
(232, 154, 134)
(227, 149, 129)
(242, 157, 136)
(241, 156, 135)
(224, 149, 127)
(200, 132, 109)
(213, 145, 122)
(217, 158, 136)
(190, 159, 133)
(244, 133, 111)
(232, 142, 118)
(209, 119, 95)
(254, 143, 129)
(244, 133, 119)
(219, 151, 128)
(255, 147, 126)
(255, 137, 116)
(224, 163, 137)
(240, 147, 124)
(255, 142, 121)
(255, 158, 141)
(255, 168, 151)
(255, 162, 145)
(242, 138, 121)
(214, 155, 140)
(247, 139, 122)
(249, 141, 124)
(155, 145, 128)
(218, 141, 130)
(229, 152, 141)
(196, 141, 131)
(190, 148, 139)
(244, 137, 134)
(250, 143, 140)
(255, 141, 132)
(251, 129, 120)
(255, 162, 147)
(247, 147, 132)
(247, 148, 130)
(242, 143, 125)
(247, 146, 137)
(217, 149, 126)
(240, 172, 149)
(243, 156, 135)
(230, 143, 122)
(238, 142, 122)
(217, 121, 101)
(241, 135, 116)
(255, 153, 134)
(255, 147, 128)
(234, 124, 105)
(204, 126, 104)
(222, 144, 122)
(223, 136, 115)
(236, 130, 111)
(255, 165, 146)
(246, 142, 123)
(235, 144, 123)
(227, 144, 123)
(215, 132, 111)
(238, 158, 136)
(244, 140, 121)
(218, 145, 123)
(225, 152, 130)
(233, 158, 136)
(255, 152, 133)
(248, 154, 134)
(217, 142, 120)
(231, 156, 134)
(196, 137, 113)
(238, 149, 128)
(228, 139, 118)
(236, 147, 126)
(223, 134, 113)
(236, 135, 115)
(247, 146, 126)
(255, 144, 127)
(255, 132, 115)
(233, 139, 119)
(255, 137, 120)
(255, 139, 122)
(207, 133, 118)
(215, 141, 126)
(234, 143, 122)
(207, 138, 109)
(233, 164, 135)
(227, 153, 127)
(246, 146, 131)
(248, 148, 133)
(249, 150, 132)
(253, 154, 136)
(246, 145, 136)
(242, 141, 132)
(224, 156, 133)
(234, 147, 126)
(241, 154, 133)
(255, 168, 148)
(248, 152, 132)
(255, 159, 140)
(255, 162, 143)
(245, 135, 116)
(238, 151, 130)
(241, 137, 118)
(230, 139, 118)
(233, 150, 129)
(222, 139, 118)
(245, 141, 122)
(248, 144, 125)
(232, 138, 118)
(255, 154, 134)
(255, 167, 147)
(255, 138, 121)
(246, 145, 127)
(235, 134, 116)
(226, 152, 126)
(176, 129, 115)
(203, 156, 142)
(151, 135, 126)
(183, 131, 116)
(189, 137, 122)
(220, 138, 125)
(218, 142, 127)
(210, 144, 121)
(206, 145, 118)
(225, 164, 137)
(199, 124, 111)
(210, 135, 122)
(253, 136, 127)
(254, 137, 128)
(245, 140, 126)
(232, 143, 124)
(215, 145, 119)
(248, 178, 152)
(222, 152, 126)
(195, 120, 107)
(201, 126, 113)
(241, 124, 115)
(244, 127, 118)
(235, 130, 116)
(222, 133, 114)
(205, 135, 109)
(204, 134, 108)
(223, 137, 130)
(243, 146, 140)
(213, 142, 133)
(213, 140, 129)
(212, 154, 150)
(224, 138, 131)
(225, 139, 132)
(230, 133, 127)
(254, 157, 151)
(217, 146, 137)
(215, 142, 131)
(201, 128, 117)
(217, 139, 131)
(188, 135, 127)
(211, 137, 122)
(235, 138, 123)
(188, 136, 123)
(194, 142, 129)
(232, 136, 118)
(237, 141, 123)
(246, 139, 116)
(235, 128, 105)
(203, 129, 114)
(218, 144, 129)
(235, 134, 105)
(245, 144, 115)
(225, 145, 134)
(250, 148, 135)
(240, 145, 130)
(215, 163, 150)
(231, 135, 117)
(241, 145, 127)
(248, 141, 118)
(236, 129, 106)
(213, 139, 124)
(239, 138, 109)
(255, 146, 119)
(255, 149, 122)
(234, 154, 143)
(247, 167, 156)
(223, 147, 130)
(243, 149, 122)
(249, 145, 111)
(233, 139, 100)
(241, 147, 108)
(250, 148, 133)
(223, 149, 123)
(240, 147, 123)
(255, 160, 130)
(244, 146, 116)
(245, 151, 124)
(252, 148, 114)
(231, 137, 98)
(212, 144, 123)
(246, 148, 118)
(230, 152, 132)
(229, 153, 124)
(235, 150, 114)
(224, 138, 98)
(251, 149, 134)
(249, 147, 132)
(255, 148, 119)
(226, 148, 128)
(253, 151, 136)
(226, 152, 127)
(233, 149, 118)
(224, 137, 100)
(234, 147, 110)
(250, 153, 140)
(244, 147, 134)
(255, 148, 124)
(255, 144, 120)
(217, 150, 132)
(244, 147, 120)
(246, 149, 136)
(218, 151, 133)
(237, 146, 125)
(231, 135, 103)
(236, 147, 137)
(244, 150, 132)
(237, 143, 125)
(225, 153, 136)
(230, 136, 118)
(239, 145, 127)
(226, 154, 137)
(233, 143, 127)
(231, 138, 108)
(227, 146, 138)
(219, 149, 124)
(236, 148, 124)
(253, 146, 132)
(232, 139, 109)
(255, 166, 152)
(233, 126, 112)
(216, 144, 127)
(227, 152, 120)
(210, 148, 138)
(212, 142, 117)
(242, 147, 132)
(234, 139, 124)
(237, 156, 139)
(230, 155, 123)
(216, 154, 144)
(225, 130, 115)
(237, 142, 127)
(227, 152, 139)
(202, 127, 114)
(204, 140, 148)
(230, 141, 131)
(220, 145, 132)
(228, 148, 126)
(255, 144, 111)
(195, 142, 123)
(224, 144, 122)
(200, 135, 126)
(255, 145, 112)
(214, 141, 119)
(255, 140, 119)
(204, 145, 121)
(226, 143, 122)
(232, 144, 119)
(215, 142, 120)
(205, 146, 122)
(233, 146, 118)
(255, 144, 116)
(218, 151, 105)
(255, 147, 121)
(211, 150, 124)
(230, 148, 124)
(194, 120, 114)
(189, 106, 100)
(220, 134, 118)
(196, 110, 94)
(199, 154, 122)
(235, 144, 132)
(211, 139, 113)
(210, 151, 116)
(211, 152, 117)
(201, 142, 107)
(203, 130, 110)
(150, 120, 91)
(175, 145, 116)
(237, 151, 96)
(255, 148, 122)
(205, 161, 133)
(255, 148, 125)
(242, 151, 119)
(212, 156, 120)
(212, 151, 125)
(170, 101, 92)
(211, 142, 133)
(225, 142, 136)
(224, 141, 135)
(233, 147, 122)
(236, 150, 125)
(208, 120, 95)
(211, 127, 113)
(220, 136, 122)
(233, 144, 123)
(247, 141, 124)
(214, 152, 122)
(255, 142, 133)
(252, 147, 124)
(255, 152, 129)
(224, 118, 101)
(235, 147, 116)
(220, 153, 107)
(240, 154, 99)
(241, 155, 100)
(255, 149, 123)
(234, 168, 127)
(221, 156, 130)
(201, 136, 110)
(240, 149, 117)
(236, 145, 113)
(243, 147, 108)
(193, 143, 132)
(255, 172, 170)
(230, 147, 141)
(157, 74, 68)
(222, 158, 137)
(231, 145, 120)
(231, 142, 121)
(246, 140, 123)
(215, 157, 130)
(253, 148, 125)
(251, 145, 128)
(255, 158, 132)
(255, 158, 120)
(204, 138, 97)
(255, 155, 129)
(244, 142, 116)
(217, 152, 126)
(244, 153, 121)
(229, 147, 123)
(232, 150, 126)
(250, 133, 117)
(239, 143, 104)
(252, 169, 163)
(181, 98, 92)
(219, 159, 163)
(199, 139, 145)
(225, 135, 146)
(255, 142, 145)
(185, 147, 130)
(203, 139, 127)
(232, 148, 123)
(231, 171, 161)
(223, 149, 111)
(210, 150, 111)
(255, 148, 120)
(198, 156, 145)
(201, 162, 139)
(186, 147, 124)
(155, 113, 84)
(223, 153, 150)
(235, 145, 121)
(239, 149, 125)
(244, 134, 115)
(237, 135, 131)
(220, 118, 114)
(196, 109, 97)
(215, 155, 159)
(229, 145, 120)
(227, 143, 118)
(206, 146, 136)
(224, 154, 142)
(171, 129, 118)
(183, 144, 121)
(187, 148, 125)
(226, 156, 153)
(234, 144, 120)
(255, 157, 153)
(199, 112, 100)
(221, 160, 116)
(221, 149, 103)
(255, 149, 117)
(235, 142, 132)
(220, 137, 129)
(218, 150, 118)
(252, 146, 112)
(221, 157, 134)
(218, 151, 103)
(204, 150, 114)
(241, 144, 129)
(179, 90, 71)
(180, 91, 72)
(189, 101, 77)
(190, 102, 78)
(222, 134, 110)
(247, 159, 135)
(234, 148, 123)
(242, 135, 112)
(241, 145, 115)
(240, 144, 114)
(221, 148, 126)
(204, 115, 94)
(216, 155, 111)
(255, 148, 116)
(219, 151, 119)
(239, 142, 127)
(233, 144, 125)
(232, 144, 120)
(242, 154, 130)
(221, 149, 134)
(238, 140, 117)
(235, 149, 124)
(205, 116, 95)
(255, 144, 108)
(233, 140, 128)
(239, 152, 115)
(245, 158, 122)
(235, 148, 112)
(220, 136, 133)
(221, 154, 117)
(255, 150, 93)
(185, 146, 114)
(189, 150, 118)
(255, 149, 116)
(236, 139, 124)
(255, 153, 110)
(227, 150, 125)
(220, 153, 127)
(194, 143, 116)
(243, 136, 114)
(235, 153, 120)
(238, 137, 106)
(241, 145, 113)
(217, 147, 113)
(209, 121, 88)
(255, 145, 109)
(220, 153, 116)
(184, 145, 113)
(237, 140, 125)
(255, 154, 111)
(236, 154, 121)
(240, 145, 110)
(236, 145, 115)
(223, 145, 116)
(224, 160, 122)
(216, 149, 112)
(222, 155, 118)
(231, 142, 130)
(245, 157, 132)
(246, 151, 116)
(238, 141, 126)
(255, 153, 112)
(226, 150, 135)
(242, 147, 112)
(241, 150, 120)
(219, 145, 107)
(219, 154, 147)
(214, 150, 112)
(255, 171, 159)
(236, 147, 135)
(165, 126, 94)
(255, 155, 114)
(252, 150, 107)
(231, 143, 110)
(199, 150, 123)
(230, 168, 130)
(231, 145, 103)
(220, 149, 142)
(184, 113, 106)
(210, 150, 112)
(250, 146, 103)
(238, 134, 91)
(170, 139, 106)
(208, 144, 123)
(189, 135, 120)
(220, 148, 122)
(216, 145, 125)
(255, 142, 111)
(216, 150, 138)
(215, 156, 121)
(221, 144, 110)
(199, 122, 88)
(229, 167, 129)
(210, 148, 110)
(211, 141, 100)
(224, 154, 113)
(198, 149, 115)
(230, 144, 102)
(245, 164, 128)
(242, 161, 125)
(255, 152, 109)
(255, 151, 108)
(254, 150, 107)
(245, 139, 104)
(213, 149, 128)
(202, 148, 133)
(255, 139, 108)
(224, 134, 120)
(252, 162, 148)
(165, 143, 136)
(140, 118, 111)
(222, 144, 95)
(206, 165, 142)
(185, 144, 121)
(187, 149, 146)
(189, 151, 148)
(189, 140, 97)
(159, 132, 99)
(175, 148, 115)
(193, 147, 154)
(204, 148, 133)
(204, 137, 100)
(213, 147, 117)
(187, 131, 127)
(248, 138, 99)
(179, 136, 122)
(245, 154, 142)
(208, 149, 127)
(219, 160, 138)
(200, 133, 96)
(255, 155, 116)
(255, 150, 111)
(180, 137, 123)
(239, 148, 136)
(209, 127, 103)
(219, 150, 102)
(179, 136, 111)
(230, 146, 95)
(174, 133, 84)
(245, 165, 125)
(182, 138, 120)
(232, 150, 139)
(230, 139, 129)
(227, 154, 125)
(255, 162, 140)
(194, 114, 74)
(224, 144, 104)
(229, 138, 128)
(255, 156, 134)
(255, 134, 103)
(186, 107, 81)
(236, 148, 102)
(196, 137, 104)
(247, 141, 107)
(223, 140, 119)
(221, 158, 164)
(255, 160, 151)
(199, 136, 120)
(249, 150, 130)
(242, 137, 123)
(255, 153, 118)
(240, 135, 113)
(248, 146, 111)
(255, 160, 129)
(255, 178, 152)
(192, 113, 87)
(212, 129, 108)
(221, 120, 111)
(255, 156, 121)
(252, 150, 115)
(234, 135, 86)
(245, 166, 140)
(236, 157, 131)
(234, 156, 136)
(243, 165, 145)
(225, 163, 142)
(208, 142, 130)
(206, 145, 130)
(187, 132, 115)
(244, 142, 107)
(254, 152, 117)
(234, 129, 106)
(225, 134, 102)
(222, 169, 129)
(200, 147, 107)
(209, 159, 137)
(238, 153, 125)
(237, 152, 124)
(228, 143, 115)
(238, 147, 106)
(192, 137, 118)
(210, 131, 95)
(237, 158, 122)
(255, 186, 151)
(234, 138, 118)
(212, 141, 121)
(240, 151, 141)
(222, 154, 120)
(189, 135, 113)
(206, 152, 130)
(210, 143, 116)
(218, 142, 125)
(255, 157, 145)
(194, 138, 125)
(168, 112, 99)
(218, 152, 129)
(236, 150, 136)
(222, 160, 101)
(240, 145, 109)
(202, 119, 98)
(185, 125, 106)
(211, 151, 132)
(239, 140, 122)
(250, 145, 122)
(229, 138, 106)
(192, 151, 128)
(197, 144, 104)
(255, 180, 152)
(210, 145, 110)
(245, 149, 117)
(233, 146, 125)
(241, 141, 106)
(213, 142, 122)
(237, 148, 138)
(213, 146, 119)
(214, 147, 120)
(255, 138, 126)
(199, 136, 118)
(243, 157, 143)
(241, 146, 110)
(222, 139, 102)
(152, 69, 48)
(248, 147, 118)
(242, 141, 112)
(212, 148, 118)
(236, 143, 111)
(255, 161, 122)
(223, 139, 108)
(248, 164, 133)
(214, 146, 112)
(240, 152, 121)
(237, 147, 123)
(190, 138, 116)
(255, 158, 126)
(209, 143, 122)
(197, 150, 145)
(245, 148, 133)
(211, 137, 111)
(227, 143, 119)
(228, 144, 120)
(220, 152, 131)
(255, 158, 137)
(239, 147, 111)
(241, 149, 113)
(225, 135, 99)
(239, 139, 124)
(210, 146, 116)
(229, 145, 114)
(231, 135, 146)
(232, 136, 147)
(232, 147, 111)
(233, 148, 112)
(208, 150, 123)
(199, 131, 97)
(215, 147, 113)
(241, 153, 122)
(210, 144, 123)
(196, 149, 144)
(217, 143, 117)
(238, 148, 124)
(255, 157, 136)
(228, 138, 102)
(222, 132, 96)
(244, 149, 134)
(246, 149, 114)
(231, 137, 110)
(229, 135, 108)
(236, 146, 102)
(243, 146, 111)
(225, 151, 114)
(236, 156, 125)
(231, 135, 115)
(184, 139, 114)
(255, 151, 137)
(209, 145, 122)
(227, 149, 120)
(233, 144, 116)
(238, 149, 121)
(220, 152, 129)
(255, 147, 131)
(226, 145, 109)
(241, 139, 105)
(255, 156, 122)
(190, 136, 131)
(173, 119, 114)
(215, 149, 108)
(226, 160, 119)
(255, 171, 133)
(255, 174, 136)
(255, 157, 119)
(231, 132, 94)
(191, 128, 112)
(241, 148, 125)
(239, 148, 107)
(211, 121, 77)
(221, 147, 110)
(232, 152, 121)
(229, 133, 113)
(255, 150, 136)
(246, 139, 125)
(251, 154, 118)
(255, 163, 127)
(239, 150, 122)
(255, 141, 125)
(239, 144, 109)
(228, 147, 111)
(234, 147, 111)
(207, 143, 105)
(231, 147, 116)
(221, 125, 105)
(171, 140, 114)
(243, 136, 122)
(220, 142, 113)
(248, 151, 115)
(228, 131, 95)
(205, 136, 118)
(251, 141, 115)
(240, 143, 108)
(237, 146, 105)
(235, 144, 103)
(204, 140, 102)
(228, 144, 113)
(224, 128, 108)
(201, 147, 123)
(225, 152, 132)
(241, 134, 120)
(215, 136, 110)
(210, 146, 123)
(221, 143, 114)
(241, 144, 108)
(255, 144, 132)
(243, 140, 102)
(239, 143, 113)
(255, 141, 113)
(244, 145, 118)
(192, 129, 113)
(232, 146, 132)
(211, 120, 81)
(233, 147, 123)
(202, 139, 112)
(228, 137, 118)
(230, 136, 131)
(234, 140, 135)
(213, 140, 120)
(255, 155, 132)
(213, 151, 141)
(218, 142, 113)
(243, 131, 131)
(233, 142, 121)
(190, 138, 123)
(238, 131, 126)
(255, 149, 144)
(245, 138, 107)
(255, 135, 114)
(246, 147, 120)
(193, 130, 114)
(226, 142, 109)
(226, 139, 102)
(235, 149, 125)
(203, 140, 113)
(208, 135, 115)
(229, 156, 136)
(244, 144, 121)
(240, 133, 119)
(222, 146, 117)
(236, 124, 124)
(214, 136, 107)
(241, 134, 129)
(201, 139, 138)
(248, 141, 110)
(255, 141, 120)
(255, 154, 133)
(221, 126, 113)
(201, 123, 117)
(230, 160, 128)
(210, 140, 108)
(233, 145, 114)
(237, 149, 118)
(255, 154, 129)
(173, 123, 83)
(250, 138, 128)
(225, 139, 125)
(220, 154, 140)
(218, 140, 120)
(255, 157, 122)
(241, 158, 137)
(236, 153, 132)
(253, 133, 131)
(196, 147, 141)
(221, 150, 143)
(226, 155, 148)
(243, 167, 130)
(225, 149, 112)
(230, 140, 126)
(208, 155, 115)
(210, 157, 117)
(223, 156, 138)
(220, 125, 112)
(202, 132, 100)
(198, 148, 108)
(255, 145, 135)
(239, 153, 139)
(216, 138, 118)
(245, 145, 111)
(250, 148, 113)
(219, 148, 141)
(238, 147, 135)
(230, 154, 117)
(245, 155, 131)
(255, 155, 126)
(240, 150, 114)
(253, 141, 111)
(173, 132, 118)
(255, 151, 98)
(252, 145, 92)
(255, 166, 113)
(247, 135, 105)
(255, 155, 137)
(233, 156, 100)
(255, 142, 109)
(255, 145, 127)
(255, 159, 141)
(252, 159, 149)
(255, 149, 130)
(253, 145, 126)
(224, 135, 116)
(230, 147, 126)
(205, 142, 100)
(206, 141, 123)
(233, 143, 119)
(248, 161, 124)
(236, 147, 128)
(231, 142, 123)
(209, 126, 105)
(240, 130, 111)
(180, 140, 111)
(195, 147, 127)
(255, 142, 104)
(206, 160, 132)
(212, 161, 125)
(255, 154, 142)
(207, 140, 103)
(236, 152, 138)
(247, 137, 118)
(194, 146, 126)
(180, 132, 112)
(255, 144, 106)
(217, 166, 130)
(190, 139, 103)
(242, 137, 125)
(208, 141, 104)
(230, 140, 116)
(176, 136, 130)
(229, 147, 145)
(237, 149, 105)
(249, 142, 113)
(255, 135, 120)
(218, 144, 107)
(255, 148, 100)
(235, 137, 136)
(255, 142, 140)
(255, 144, 142)
(255, 147, 140)
(255, 148, 141)
(252, 144, 134)
(255, 144, 148)
(235, 153, 151)
(232, 150, 148)
(197, 136, 132)
(255, 170, 152)
(240, 152, 108)
(255, 166, 137)
(255, 170, 148)
(255, 153, 138)
(216, 125, 106)
(196, 133, 89)
(220, 146, 109)
(255, 135, 128)
(255, 129, 122)
(248, 139, 117)
(255, 171, 123)
(253, 145, 97)
(227, 150, 94)
(215, 138, 82)
(244, 172, 115)
(239, 142, 115)
(237, 151, 118)
(210, 139, 130)
(218, 147, 138)
(255, 161, 148)
(255, 143, 130)
(237, 137, 136)
(236, 136, 135)
(255, 138, 134)
(238, 153, 108)
(225, 160, 125)
(255, 144, 128)
(213, 141, 109)
(225, 124, 106)
(254, 132, 123)
(246, 151, 128)
(250, 155, 132)
(234, 142, 115)
(223, 146, 112)
(224, 142, 131)
(223, 141, 130)
(250, 144, 118)
(182, 147, 130)
(238, 141, 114)
(239, 153, 120)
(224, 142, 109)
(221, 150, 141)
(255, 150, 137)
(232, 148, 134)
(255, 182, 181)
(228, 144, 142)
(255, 135, 131)
(251, 152, 132)
(220, 155, 120)
(255, 131, 115)
(209, 134, 102)
(249, 151, 121)
(154, 125, 114)
(240, 139, 121)
(253, 131, 122)
(208, 86, 77)
(251, 156, 133)
(236, 144, 117)
(227, 145, 134)
(235, 140, 125)
(255, 151, 125)
(184, 150, 129)
(242, 143, 103)
(217, 147, 133)
(240, 149, 137)
(243, 139, 122)
(192, 139, 131)
(240, 140, 127)
(245, 154, 133)
(237, 160, 115)
(253, 151, 108)
(229, 151, 109)
(255, 183, 147)
(247, 150, 114)
(228, 138, 114)
(245, 163, 132)
(237, 145, 118)
(231, 143, 119)
(232, 135, 122)
(245, 138, 115)
(186, 152, 131)
(244, 140, 123)
(203, 150, 142)
(244, 144, 131)
(226, 148, 106)
(254, 157, 121)
(253, 156, 120)
(197, 107, 83)
(232, 150, 119)
(231, 134, 121)
(252, 145, 122)
(185, 151, 130)
(232, 146, 104)
(239, 158, 143)
(228, 147, 132)
(255, 158, 143)
(255, 140, 124)
(248, 131, 115)
(255, 131, 117)
(205, 127, 105)
(226, 127, 107)
(246, 147, 127)
(255, 148, 110)
(225, 147, 105)
(255, 159, 123)
(255, 164, 128)
(243, 138, 116)
(230, 150, 119)
(228, 140, 116)
(233, 144, 132)
(241, 146, 123)
(180, 146, 125)
(253, 149, 115)
(185, 114, 105)
(237, 137, 122)
(255, 163, 148)
(218, 145, 125)
(224, 151, 131)
(255, 143, 127)
(255, 138, 124)
(255, 137, 123)
(255, 136, 126)
(209, 131, 109)
(233, 155, 113)
(224, 146, 104)
(255, 160, 124)
(221, 149, 124)
(250, 145, 123)
(231, 151, 120)
(240, 148, 121)
(226, 138, 114)
(237, 148, 136)
(204, 134, 120)
(216, 123, 91)
(232, 151, 114)
(235, 145, 109)
(214, 129, 108)
(233, 148, 127)
(204, 157, 132)
(222, 149, 127)
(233, 156, 131)
(252, 154, 143)
(222, 144, 104)
(244, 143, 125)
(231, 147, 114)
(253, 165, 141)
(238, 153, 116)
(253, 150, 127)
(245, 150, 115)
(225, 139, 108)
(238, 151, 132)
(213, 143, 129)
(222, 134, 136)
(204, 146, 108)
(233, 152, 115)
(223, 150, 128)
(228, 151, 126)
(227, 153, 128)
(255, 139, 112)
(220, 142, 102)
(181, 155, 137)
(255, 154, 131)
(217, 133, 100)
(229, 145, 112)
(240, 152, 128)
(240, 155, 118)
(224, 138, 107)
(241, 154, 135)
(221, 135, 111)
(234, 148, 124)
(255, 143, 96)
(242, 118, 71)
(226, 149, 138)
(183, 156, 136)
(231, 144, 125)
(216, 140, 111)
(221, 145, 116)
(247, 137, 111)
(242, 142, 107)
(255, 159, 137)
(186, 131, 130)
(185, 131, 127)
(230, 131, 113)
(251, 144, 130)
(231, 144, 107)
(232, 145, 108)
(239, 156, 111)
(248, 150, 120)
(251, 153, 123)
(248, 148, 113)
(239, 137, 103)
(228, 149, 124)
(255, 156, 109)
(255, 167, 120)
(220, 143, 132)
(216, 139, 128)
(217, 120, 107)
(241, 149, 122)
(204, 129, 116)
(240, 144, 133)
(228, 141, 122)
(230, 143, 124)
(255, 147, 130)
(249, 139, 113)
(251, 142, 120)
(219, 157, 147)
(243, 143, 108)
(185, 130, 129)
(188, 134, 130)
(187, 133, 129)
(231, 132, 114)
(247, 140, 126)
(236, 153, 108)
(245, 145, 110)
(240, 153, 132)
(237, 146, 116)
(220, 159, 126)
(247, 157, 122)
(246, 156, 121)
(230, 140, 105)
(221, 131, 96)
(236, 143, 119)
(198, 147, 141)
(201, 134, 125)
(216, 149, 140)
(255, 154, 143)
(238, 137, 126)
(186, 132, 127)
(207, 153, 148)
(222, 134, 127)
(222, 135, 125)
(255, 156, 148)
(225, 145, 114)
(255, 143, 115)
(236, 156, 123)
(237, 157, 124)
(234, 154, 121)
(233, 153, 120)
(214, 142, 117)
(218, 146, 121)
(227, 139, 132)
(254, 144, 125)
(229, 148, 101)
(223, 149, 112)
(242, 148, 107)
(244, 150, 109)
(252, 151, 113)
(255, 154, 116)
(255, 157, 126)
(252, 147, 116)
(235, 150, 122)
(243, 141, 98)
(234, 153, 136)
(242, 143, 123)
(255, 160, 140)
(248, 158, 123)
(233, 143, 108)
(202, 135, 126)
(210, 122, 108)
(240, 152, 138)
(247, 146, 135)
(240, 143, 139)
(231, 143, 136)
(229, 141, 134)
(243, 133, 125)
(254, 144, 136)
(255, 146, 139)
(255, 138, 131)
(226, 143, 115)
(228, 145, 117)
(226, 146, 113)
(223, 143, 110)
(206, 134, 109)
(224, 152, 127)
(255, 146, 127)
(231, 150, 103)
(240, 135, 104)
(253, 148, 117)
(255, 172, 129)
(253, 152, 123)
(255, 162, 119)
(255, 160, 117)
(248, 157, 136)
(255, 153, 127)
(246, 155, 134)
(222, 166, 138)
(226, 171, 152)
(181, 141, 147)
(245, 154, 135)
(204, 123, 87)
(236, 151, 123)
(248, 152, 113)
(250, 154, 115)
(255, 167, 128)
(251, 155, 116)
(244, 153, 114)
(253, 157, 118)
(197, 140, 130)
(255, 144, 123)
(255, 145, 124)
(237, 152, 107)
(241, 153, 109)
(251, 150, 121)
(215, 142, 101)
(244, 150, 143)
(225, 129, 90)
(242, 146, 107)
(247, 153, 112)
(215, 134, 119)
(206, 139, 102)
(229, 137, 110)
(233, 141, 114)
(243, 147, 136)
(197, 136, 92)
(238, 157, 120)
(220, 139, 102)
(232, 127, 104)
(246, 141, 118)
(248, 144, 99)
(227, 133, 126)
(251, 126, 122)
(227, 131, 92)
(254, 146, 129)
(255, 161, 144)
(225, 144, 129)
(254, 158, 147)
(211, 150, 106)
(251, 146, 123)
(245, 150, 114)
(255, 130, 126)
(222, 147, 145)
(228, 161, 143)
(186, 130, 134)
(230, 141, 122)
(234, 142, 126)
(251, 160, 121)
(220, 148, 144)
(200, 133, 115)
(253, 161, 145)
(231, 140, 101)
(214, 142, 138)
(222, 143, 128)
(219, 140, 125)
(254, 145, 133)
(255, 141, 116)
(246, 155, 125)
(244, 150, 111)
(248, 154, 115)
(228, 156, 141)
(249, 159, 143)
(223, 133, 117)
(235, 141, 121)
(195, 127, 115)
(255, 163, 154)
(255, 139, 130)
(245, 156, 144)
(243, 125, 114)
(255, 142, 131)
(252, 162, 146)
(232, 138, 111)
(244, 150, 123)
(255, 163, 140)
(249, 155, 137)
(246, 143, 121)
(254, 143, 109)
(246, 157, 118)
(206, 117, 78)
(250, 147, 109)
(255, 153, 115)
(182, 153, 127)
(251, 171, 151)
(231, 136, 113)
(244, 141, 119)
(225, 145, 125)
(222, 142, 122)
(205, 139, 136)
(240, 150, 125)
(240, 142, 112)
(252, 146, 103)
(243, 152, 113)
(211, 141, 138)
(240, 146, 105)
(250, 157, 125)
(233, 143, 118)
(203, 142, 109)
(237, 139, 109)
(229, 145, 105)
(245, 154, 144)
(235, 141, 100)
(212, 151, 124)
(220, 152, 111)
(209, 156, 117)
(255, 179, 145)
(227, 151, 113)
(255, 159, 124)
(236, 130, 95)
(185, 119, 78)
(249, 142, 104)
(226, 156, 144)
(225, 155, 143)
(234, 140, 99)
(193, 155, 118)
(208, 170, 133)
(226, 144, 111)
(228, 149, 102)
(231, 152, 105)
(214, 153, 126)
(204, 143, 116)
(246, 153, 109)
(234, 141, 97)
(223, 143, 92)
(255, 153, 119)
(242, 138, 104)
(249, 173, 135)
(235, 159, 121)
(212, 142, 130)
(255, 142, 129)
(255, 153, 140)
(238, 128, 109)
(255, 145, 126)
(179, 131, 129)
(159, 111, 109)
(194, 146, 144)
(255, 153, 128)
(218, 123, 121)
(235, 131, 112)
(236, 132, 113)
(255, 138, 113)
(189, 145, 125)
(192, 147, 122)
(193, 148, 123)
(221, 150, 130)
(197, 153, 118)
(241, 146, 111)
(238, 143, 108)
(237, 142, 107)
(255, 168, 133)
(200, 137, 121)
(218, 155, 139)
(255, 163, 131)
(255, 133, 101)
(255, 141, 109)
(219, 131, 124)
(255, 165, 160)
(221, 151, 147)
(175, 145, 137)
(247, 149, 119)
(227, 154, 134)
(220, 157, 141)
(255, 150, 118)
(222, 147, 134)
(243, 145, 134)
(209, 120, 108)
(220, 135, 107)
(252, 167, 139)
(255, 164, 146)
(255, 166, 163)
(208, 95, 92)
(203, 152, 118)
(254, 149, 120)
(227, 128, 108)
(229, 148, 111)
(242, 161, 124)
(223, 148, 126)
(248, 152, 134)
(255, 177, 159)
(227, 138, 126)
(226, 141, 113)
(251, 134, 116)
(255, 152, 134)
(215, 102, 99)
(238, 139, 119)
(221, 122, 102)
(207, 158, 144)
(231, 150, 113)
(233, 141, 125)
(231, 139, 123)
(209, 150, 137)
(201, 142, 129)
(255, 157, 127)
(206, 152, 118)
(255, 149, 120)
(247, 156, 137)
(237, 157, 135)
(255, 173, 161)
(254, 147, 135)
(220, 113, 101)
(230, 152, 112)
(237, 159, 119)
(238, 160, 120)
(232, 155, 129)
(244, 153, 132)
(209, 134, 112)
(203, 144, 131)
(216, 141, 109)
(223, 132, 113)
(245, 138, 126)
(161, 134, 114)
(227, 149, 109)
(236, 159, 133)
(246, 143, 120)
(241, 138, 115)
(241, 136, 105)
(242, 137, 99)
(245, 140, 102)
(255, 152, 114)
(254, 149, 111)
(221, 145, 108)
(247, 150, 115)
(209, 148, 115)
(255, 147, 119)
(236, 126, 107)
(207, 142, 126)
(182, 117, 101)
(238, 145, 135)
(232, 146, 106)
(242, 156, 116)
(246, 160, 120)
(255, 173, 140)
(248, 154, 127)
(205, 136, 107)
(237, 150, 122)
(249, 146, 123)
(243, 138, 100)
(212, 151, 118)
(228, 135, 125)
(241, 148, 138)
(241, 155, 115)
(247, 161, 121)
(240, 156, 123)
(234, 133, 113)
(157, 110, 94)
(230, 141, 129)
(248, 159, 147)
(239, 153, 111)
(226, 143, 107)
(253, 147, 121)
(209, 137, 103)
(255, 157, 137)
(240, 139, 119)
(224, 149, 136)
(238, 152, 110)
(240, 157, 121)
(249, 143, 117)
(243, 145, 113)
(226, 150, 133)
(220, 139, 124)
(247, 148, 121)
(212, 150, 120)
(255, 147, 122)
(220, 145, 125)
(218, 133, 121)
(254, 153, 144)
(242, 146, 114)
(255, 169, 142)
(242, 150, 123)
(235, 126, 104)
(230, 154, 137)
(216, 135, 120)
(204, 123, 108)
(194, 129, 102)
(255, 146, 128)
(255, 144, 126)
(211, 126, 114)
(255, 160, 147)
(251, 151, 138)
(255, 166, 139)
(213, 152, 139)
(227, 118, 96)
(226, 139, 118)
(249, 155, 128)
(241, 147, 120)
(238, 144, 117)
(255, 163, 136)
(237, 159, 130)
(251, 158, 135)
(197, 144, 127)
(228, 153, 142)
(228, 152, 144)
(227, 151, 143)
(182, 152, 131)
(255, 141, 134)
(223, 131, 124)
(225, 147, 118)
(222, 146, 138)
(251, 143, 143)
(250, 142, 142)
(210, 133, 130)
(204, 127, 124)
(213, 155, 138)
(224, 137, 136)
(255, 151, 132)
(222, 140, 137)
(226, 135, 133)
(210, 119, 117)
(232, 137, 136)
(167, 145, 138)
(138, 116, 109)
(203, 142, 100)
(195, 143, 119)
(216, 147, 140)
(199, 111, 106)
(213, 142, 113)
(224, 147, 113)
(225, 148, 114)
(242, 145, 130)
(244, 147, 132)
(248, 145, 134)
(198, 157, 154)
(223, 141, 138)
(221, 139, 136)
(242, 147, 146)
(246, 151, 150)
(252, 159, 158)
(224, 142, 93)
(215, 140, 118)
(255, 151, 130)
(227, 139, 134)
(241, 157, 126)
(255, 154, 114)
(198, 135, 119)
(255, 164, 154)
(252, 153, 149)
(245, 146, 142)
(255, 165, 157)
(237, 125, 117)
(249, 145, 139)
(255, 153, 147)
(219, 127, 111)
(223, 141, 92)
(226, 144, 95)
(216, 141, 119)
(222, 141, 133)
(224, 133, 114)
(240, 147, 103)
(242, 149, 105)
(217, 109, 99)
(245, 137, 127)
(255, 160, 156)
(239, 140, 136)
(223, 111, 103)
(248, 144, 138)
(255, 158, 147)
(224, 132, 116)
(236, 140, 99)
(228, 142, 117)
(229, 143, 118)
(196, 125, 116)
(255, 163, 150)
(240, 152, 127)
(190, 146, 128)
(249, 156, 124)
(222, 153, 153)
(205, 150, 133)
(235, 144, 142)
(208, 147, 134)
(255, 152, 143)
(253, 134, 125)
(228, 150, 130)
(214, 136, 116)
(235, 146, 125)
(255, 143, 125)
(247, 125, 107)
(239, 142, 129)
(190, 93, 80)
(228, 164, 134)
(239, 143, 102)
(230, 144, 119)
(214, 148, 134)
(203, 137, 123)
(193, 122, 113)
(191, 120, 111)
(208, 139, 130)
(186, 138, 129)
(251, 128, 115)
(239, 151, 126)
(202, 151, 123)
(197, 146, 118)
(206, 155, 138)
(204, 153, 136)
(217, 154, 128)
(216, 153, 127)
(191, 147, 129)
(255, 140, 127)
(255, 144, 131)
(222, 148, 131)
(216, 148, 134)
(243, 152, 140)
(223, 135, 111)
(237, 149, 125)
(230, 140, 115)
(227, 137, 112)
(232, 150, 147)
(219, 150, 150)
(214, 147, 129)
(212, 145, 127)
(206, 146, 127)
(210, 149, 136)
(255, 148, 139)
(248, 129, 120)
(193, 115, 95)
(225, 140, 130)
(219, 150, 143)
(249, 159, 152)
(230, 140, 133)
(253, 149, 145)
(207, 124, 96)
(215, 131, 107)
(220, 136, 112)
(226, 131, 116)
(235, 139, 128)
(255, 167, 156)
(232, 143, 122)
(255, 139, 121)
(219, 134, 106)
(248, 163, 135)
(255, 163, 133)
(255, 150, 133)
(199, 160, 150)
(194, 155, 145)
(211, 152, 137)
(216, 157, 142)
(224, 127, 114)
(255, 146, 123)
(202, 124, 116)
(223, 145, 137)
(225, 147, 141)
(255, 140, 121)
(255, 142, 123)
(255, 148, 123)
(255, 138, 117)
(208, 134, 96)
(190, 147, 141)
(223, 135, 89)
(192, 137, 98)
(222, 157, 130)
(249, 149, 136)
(219, 129, 105)
(206, 153, 136)
(194, 141, 124)
(248, 164, 139)
(196, 153, 139)
(181, 138, 124)
(246, 144, 131)
(200, 147, 120)
(211, 158, 131)
(255, 156, 130)
(249, 147, 121)
(255, 176, 151)
(215, 129, 104)
(198, 163, 156)
(231, 139, 132)
(209, 137, 105)
(246, 174, 142)
(187, 136, 146)
(194, 145, 131)
(200, 151, 137)
(243, 161, 130)
(241, 149, 135)
(249, 141, 122)
(252, 137, 132)
(255, 163, 158)
(186, 141, 135)
(205, 160, 154)
(233, 135, 112)
(255, 150, 120)
(255, 155, 125)
(185, 146, 136)
(198, 159, 149)
(237, 143, 123)
(243, 149, 129)
(225, 141, 116)
(171, 132, 107)
(230, 145, 117)
(243, 158, 130)
(255, 140, 123)
(255, 131, 108)
(255, 126, 103)
(255, 139, 120)
(255, 150, 125)
(255, 139, 118)
(229, 155, 117)
(161, 87, 49)
(255, 170, 124)
(255, 168, 122)
(211, 133, 125)
(255, 163, 132)
(235, 151, 126)
(219, 135, 110)
(225, 123, 110)
(253, 161, 154)
(209, 133, 125)
(230, 154, 146)
(246, 134, 104)
(215, 143, 111)
(179, 130, 116)
(227, 145, 114)
(250, 142, 123)
(214, 131, 123)
(244, 129, 124)
(223, 125, 102)
(255, 154, 124)
(241, 147, 127)
(222, 138, 113)
(210, 149, 134)
(238, 153, 132)
(243, 142, 111)
(242, 145, 132)
(236, 152, 128)
(229, 137, 101)
(203, 107, 75)
(216, 120, 88)
(255, 151, 123)
(255, 139, 117)
(255, 138, 116)
(211, 154, 132)
(244, 156, 123)
(253, 165, 132)
(233, 145, 112)
(208, 131, 118)
(255, 156, 119)
(232, 143, 104)
(255, 165, 122)
(223, 139, 106)
(226, 134, 118)
(217, 142, 131)
(245, 169, 152)
(238, 162, 145)
(253, 136, 97)
(236, 152, 121)
(252, 147, 118)
(144, 109, 94)
(246, 150, 120)
(235, 139, 109)
(255, 150, 116)
(236, 149, 128)
(248, 145, 123)
(216, 155, 140)
(234, 149, 128)
(242, 141, 110)
(253, 152, 121)
(222, 125, 112)
(225, 141, 117)
(210, 114, 82)
(255, 153, 125)
(255, 179, 146)
(219, 142, 129)
(215, 138, 125)
(233, 144, 105)
(223, 131, 115)
(227, 129, 99)
(216, 140, 123)
(213, 135, 115)
(255, 148, 109)
(255, 152, 113)
(255, 173, 142)
(220, 148, 133)
(252, 156, 126)
(253, 157, 127)
(228, 151, 119)
(216, 156, 137)
(209, 132, 100)
(247, 147, 124)
(236, 136, 113)
(252, 145, 133)
(253, 146, 134)
(232, 148, 124)
(184, 120, 82)
(250, 140, 114)
(159, 109, 85)
(204, 154, 130)
(233, 157, 91)
(242, 154, 121)
(197, 141, 126)
(247, 170, 157)
(243, 143, 100)
(237, 145, 97)
(252, 160, 112)
(237, 131, 112)
(233, 146, 110)
(241, 154, 118)
(211, 149, 128)
(205, 143, 120)
(255, 150, 110)
(220, 148, 114)
(246, 149, 122)
(193, 125, 102)
(221, 153, 130)
(210, 125, 89)
(237, 152, 116)
(255, 156, 118)
(230, 145, 109)
(215, 145, 120)
(245, 142, 120)
(227, 150, 118)
(212, 152, 133)
(220, 143, 111)
(246, 146, 123)
(237, 137, 114)
(160, 110, 86)
(230, 154, 88)
(231, 155, 89)
(211, 160, 103)
(215, 164, 107)
(236, 162, 116)
(219, 131, 98)
(234, 146, 113)
(255, 151, 110)
(255, 150, 109)
(239, 139, 96)
(239, 147, 99)
(254, 148, 129)
(236, 131, 117)
(255, 147, 105)
(205, 149, 136)
(218, 162, 149)
(231, 149, 138)
(210, 128, 117)
(184, 136, 134)
(197, 149, 147)
(228, 143, 107)
(201, 150, 131)
(229, 149, 129)
(255, 159, 136)
(239, 160, 134)
(235, 147, 123)
(247, 140, 117)
(235, 148, 120)
(207, 137, 123)
(255, 151, 118)
(251, 133, 100)
(232, 133, 115)
(248, 149, 131)
(237, 148, 120)
(244, 155, 127)
(229, 162, 144)
(235, 137, 128)
(217, 142, 122)
(255, 148, 117)
(216, 146, 120)
(250, 147, 124)
(228, 125, 102)
(219, 152, 136)
(229, 144, 125)
(225, 150, 118)
(249, 156, 146)
(215, 122, 98)
(218, 141, 109)
(216, 150, 127)
(243, 139, 120)
(230, 151, 125)
(203, 152, 133)
(228, 148, 128)
(255, 146, 130)
(255, 148, 132)
(246, 151, 127)
(245, 148, 135)
(206, 136, 122)
(209, 128, 120)
(255, 150, 117)
(252, 134, 101)
(214, 116, 107)
(235, 132, 109)
(174, 139, 124)
(230, 137, 127)
(237, 144, 134)
(250, 157, 133)
(217, 140, 108)
(217, 151, 128)
(231, 152, 126)
(255, 159, 150)
(255, 168, 156)
(242, 133, 121)
(232, 151, 136)
(223, 142, 127)
(249, 187, 164)
(232, 128, 109)
(253, 157, 139)
(253, 152, 134)
(240, 138, 125)
(242, 148, 130)
(232, 149, 130)
(255, 128, 122)
(248, 147, 129)
(234, 155, 130)
(223, 151, 136)
(241, 159, 146)
(255, 151, 138)
(209, 157, 144)
(230, 130, 115)
(248, 140, 132)
(251, 168, 160)
(248, 143, 129)
(154, 138, 96)
(237, 150, 114)
(255, 145, 136)
(238, 150, 134)
(240, 134, 117)
(255, 137, 124)
(249, 128, 115)
(255, 147, 132)
(255, 149, 140)
(255, 151, 139)
(228, 119, 107)
(222, 141, 126)
(192, 130, 107)
(220, 158, 135)
(255, 163, 144)
(243, 147, 129)
(225, 129, 111)
(251, 150, 132)
(240, 146, 128)
(243, 149, 131)
(211, 136, 116)
(234, 151, 132)
(255, 131, 125)
(243, 142, 124)
(202, 123, 98)
(230, 151, 126)
(217, 135, 122)
(255, 152, 139)
(210, 158, 145)
(204, 145, 132)
(214, 155, 142)
(223, 145, 125)
(235, 135, 120)
(235, 136, 118)
(250, 142, 134)
(255, 166, 158)
(253, 148, 134)
(191, 175, 133)
(191, 144, 128)
(240, 152, 136)
(255, 149, 134)
(187, 147, 129)
(249, 148, 137)
(200, 132, 120)
(246, 145, 125)
(239, 138, 118)
(209, 140, 124)
(212, 153, 129)
(220, 125, 110)
(230, 135, 120)
(244, 123, 112)
(255, 163, 152)
(251, 144, 132)
(240, 150, 136)
(250, 149, 131)
(242, 141, 123)
(228, 141, 131)
(236, 149, 139)
(179, 133, 113)
(209, 141, 120)
(200, 132, 111)
(244, 154, 138)
(236, 159, 146)
(222, 145, 132)
(248, 155, 145)
(229, 157, 142)
(246, 154, 140)
(228, 136, 122)
(237, 159, 139)
(201, 142, 127)
(239, 159, 146)
(229, 149, 136)
(255, 153, 148)
(228, 146, 143)
(222, 155, 137)
(242, 162, 140)
(219, 145, 120)
(220, 146, 121)
(216, 152, 114)
(175, 119, 104)
(205, 160, 144)
(177, 132, 116)
(221, 142, 127)
(215, 136, 121)
(211, 151, 134)
(223, 131, 117)
(180, 140, 122)
(245, 144, 133)
(217, 149, 137)
(227, 138, 128)
(207, 138, 122)
(243, 148, 133)
(255, 138, 127)
(252, 131, 120)
(255, 139, 128)
(242, 152, 138)
(247, 146, 128)
(253, 145, 128)
(250, 142, 125)
(253, 141, 124)
(225, 141, 125)
(197, 129, 108)
(237, 146, 127)
(221, 130, 111)
(219, 129, 113)
(235, 145, 129)
(237, 160, 147)
(255, 142, 135)
(231, 144, 134)
(225, 133, 119)
(212, 136, 119)
(215, 139, 122)
(209, 137, 120)
(207, 135, 118)
(211, 133, 113)
(208, 130, 110)
(255, 176, 163)
(232, 152, 139)
(219, 148, 139)
(240, 131, 126)
(236, 131, 119)
(205, 138, 120)
(215, 135, 113)
(255, 145, 141)
(255, 132, 128)
(255, 150, 142)
(255, 159, 151)
(189, 144, 128)
(235, 153, 140)
(221, 139, 126)
(235, 148, 129)
(196, 109, 90)
(177, 123, 108)
(185, 138, 124)
(100, 105, 80)
(124, 129, 104)
(172, 145, 123)
(209, 154, 144)
(182, 155, 135)
(223, 183, 165)
(200, 136, 113)
(207, 161, 143)
(221, 154, 136)
(244, 160, 146)
(214, 150, 127)
(206, 160, 142)
(203, 157, 139)
(223, 139, 123)
(253, 161, 147)
(230, 133, 120)
(234, 137, 124)
(222, 132, 125)
(240, 148, 134)
(238, 146, 132)
(233, 143, 136)
(212, 143, 134)
(202, 137, 119)
(234, 155, 129)
(214, 145, 136)
(229, 160, 151)
(217, 138, 113)
(224, 150, 135)
(210, 141, 132)
(219, 143, 114)
(194, 132, 122)
(234, 158, 150)
(215, 139, 133)
(223, 147, 141)
(177, 89, 82)
(237, 136, 118)
(217, 152, 134)
(228, 147, 141)
(229, 148, 142)
(225, 141, 127)
(213, 129, 115)
(244, 156, 125)
(245, 152, 140)
(244, 151, 139)
(241, 148, 136)
(242, 156, 132)
(251, 160, 148)
(237, 146, 134)
(228, 137, 125)
(255, 150, 141)
(228, 146, 133)
(210, 128, 115)
(218, 142, 134)
(223, 144, 119)
(232, 162, 158)
(188, 118, 114)
(195, 125, 121)
(225, 154, 132)
(213, 138, 116)
(255, 134, 114)
(255, 134, 113)
(252, 120, 99)
(255, 127, 106)
(222, 137, 118)
(206, 145, 132)
(199, 123, 117)
(233, 145, 138)
(214, 159, 140)
(255, 168, 150)
(250, 154, 136)
(255, 152, 138)
(201, 150, 116)
(228, 167, 134)
(239, 178, 145)
(220, 143, 118)
(210, 137, 108)
(212, 149, 123)
(207, 144, 118)
(207, 136, 116)
(250, 161, 149)
(239, 137, 131)
(229, 144, 108)
(190, 108, 75)
(223, 143, 130)
(206, 126, 113)
(200, 118, 105)
(209, 127, 114)
(219, 132, 111)
(254, 167, 146)
(206, 146, 129)
(210, 150, 133)
(239, 147, 133)
(251, 158, 128)
(248, 155, 125)
(203, 133, 119)
(209, 139, 125)
(202, 129, 109)
(218, 156, 135)
(238, 131, 117)
(226, 134, 127)
(216, 109, 104)
(243, 148, 124)
(239, 144, 120)
(211, 142, 124)
(212, 126, 93)
(197, 148, 143)
(178, 129, 124)
(255, 141, 111)
(241, 143, 111)
(212, 150, 111)
(236, 144, 108)
(230, 138, 102)
(220, 127, 97)
(233, 161, 144)
(213, 141, 124)
(236, 157, 142)
(223, 140, 103)
(217, 141, 103)
(246, 142, 125)
(235, 157, 135)
(233, 155, 133)
(232, 145, 117)
(195, 147, 116)
(200, 152, 121)
(237, 151, 127)
(215, 129, 105)
(222, 137, 138)
(221, 136, 117)
(223, 162, 129)
(221, 144, 119)
(220, 147, 118)
(212, 139, 110)
(193, 144, 117)
(208, 145, 119)
(254, 152, 146)
(238, 156, 123)
(214, 127, 106)
(224, 137, 116)
(221, 134, 113)
(255, 161, 156)
(238, 144, 139)
(236, 143, 113)
(246, 153, 123)
(234, 141, 111)
(208, 126, 113)
(139, 57, 44)
(241, 160, 145)
(207, 134, 114)
(192, 119, 99)
(255, 148, 134)
(224, 132, 125)
(228, 136, 129)
(212, 143, 125)
(222, 136, 103)
(240, 154, 121)
(251, 153, 121)
(222, 160, 121)
(207, 145, 106)
(227, 135, 99)
(254, 168, 144)
(244, 134, 117)
(222, 138, 114)
(201, 141, 131)
(233, 150, 114)
(227, 144, 108)
(225, 157, 123)
(230, 137, 107)
(226, 141, 122)
(254, 141, 127)
(241, 144, 138)
(232, 140, 133)
(232, 146, 113)
(244, 158, 125)
(255, 146, 116)
(255, 149, 119)
(207, 160, 124)
(247, 162, 125)
(224, 139, 102)
(253, 160, 130)
(230, 142, 126)
(224, 143, 126)
(215, 141, 103)
(221, 140, 103)
(239, 135, 118)
(248, 138, 121)
(231, 147, 123)
(220, 154, 124)
(229, 145, 121)
(203, 152, 135)
(245, 152, 122)
(229, 136, 106)
(224, 143, 128)
(219, 136, 117)
(253, 140, 126)
(229, 132, 126)
(238, 146, 139)
(209, 142, 133)
(213, 144, 126)
(235, 149, 116)
(242, 156, 123)
(249, 164, 127)
(231, 146, 109)
(226, 141, 104)
(252, 159, 129)
(212, 135, 110)
(182, 92, 76)
(193, 103, 87)
(213, 127, 102)
(223, 137, 112)
(178, 94, 70)
(219, 144, 122)
(225, 153, 127)
(229, 143, 112)
(193, 127, 106)
(227, 146, 131)
(228, 135, 105)
(225, 144, 127)
(227, 147, 127)
(255, 139, 126)
(220, 147, 136)
(222, 149, 138)
(248, 148, 125)
(216, 144, 129)
(232, 155, 121)
(255, 149, 124)
(233, 151, 126)
(244, 156, 142)
(225, 139, 106)
(217, 153, 130)
(186, 137, 131)
(232, 142, 126)
(252, 168, 144)
(218, 143, 121)
(249, 158, 137)
(218, 135, 127)
(251, 138, 126)
(252, 139, 127)
(200, 119, 104)
(239, 146, 116)
(224, 144, 124)
(254, 138, 125)
(211, 138, 127)
(238, 152, 119)
(255, 164, 132)
(227, 143, 110)
(238, 145, 115)
(249, 156, 126)
(255, 152, 125)
(255, 150, 123)
(237, 155, 130)
(243, 155, 141)
(255, 132, 110)
(244, 149, 125)
(255, 148, 129)
(216, 152, 129)
(202, 136, 124)
(227, 161, 149)
(237, 166, 137)
(245, 155, 139)
(198, 142, 127)
(236, 140, 131)
(232, 136, 127)
(227, 134, 104)
(223, 146, 121)
(204, 150, 128)
(238, 138, 123)
(229, 148, 133)
(220, 143, 130)
(213, 157, 121)
(255, 161, 138)
(252, 143, 120)
(217, 144, 124)
(235, 154, 139)
(225, 137, 113)
(212, 145, 129)
(255, 162, 144)
(219, 120, 102)
(215, 149, 128)
(149, 132, 115)
(218, 147, 118)
(239, 149, 124)
(217, 156, 143)
(228, 132, 123)
(205, 151, 129)
(245, 145, 130)
(255, 145, 137)
(220, 147, 127)
(198, 131, 115)
(214, 148, 127)
(169, 148, 128)
(252, 149, 118)
(241, 138, 107)
(243, 140, 109)
(238, 151, 123)
(242, 150, 136)
(214, 132, 121)
(230, 139, 120)
(219, 139, 128)
(255, 147, 135)
(237, 153, 139)
(227, 139, 125)
(222, 149, 120)
(207, 142, 116)
(255, 134, 122)
(255, 139, 127)
(222, 142, 129)
(247, 139, 129)
(215, 107, 97)
(251, 140, 126)
(202, 158, 121)
(255, 160, 141)
(255, 144, 125)
(215, 151, 130)
(224, 141, 122)
(218, 129, 110)
(221, 132, 113)
(235, 146, 127)
(175, 154, 134)
(204, 137, 121)
(198, 153, 148)
(230, 127, 96)
(239, 152, 124)
(238, 147, 128)
(245, 153, 139)
(255, 152, 140)
(244, 162, 151)
(233, 145, 131)
(216, 143, 130)
(215, 142, 129)
(224, 151, 122)
(219, 131, 107)
(199, 131, 108)
(236, 149, 130)
(255, 132, 120)
(227, 147, 134)
(243, 135, 125)
(250, 139, 125)
(220, 156, 135)
(225, 150, 137)
(255, 135, 125)
(210, 137, 117)
(211, 138, 118)
(226, 143, 124)
(225, 136, 117)
(184, 148, 124)
(227, 151, 136)
(193, 148, 143)
(180, 135, 130)
(255, 162, 131)
(244, 141, 110)
(222, 144, 124)
(216, 128, 114)
(230, 142, 128)
(249, 146, 137)
(198, 137, 122)
(234, 146, 130)
(252, 143, 129)
(253, 144, 130)
(239, 144, 129)
(229, 145, 129)
(230, 146, 130)
(230, 138, 122)
(221, 128, 98)
(215, 122, 92)
(213, 146, 120)
(214, 167, 142)
(216, 127, 106)
(248, 148, 148)
(183, 84, 87)
(230, 144, 111)
(254, 168, 135)
(207, 163, 126)
(255, 177, 160)
(204, 149, 130)
(207, 132, 119)
(216, 141, 128)
(255, 151, 143)
(243, 137, 129)
(251, 132, 125)
(227, 134, 122)
(230, 137, 125)
(210, 106, 89)
(223, 155, 134)
(214, 152, 131)
(173, 111, 90)
(225, 157, 136)
(217, 149, 128)
(209, 133, 118)
(224, 148, 133)
(229, 145, 131)
(219, 135, 121)
(255, 166, 135)
(226, 138, 124)
(218, 143, 130)
(247, 144, 135)
(248, 145, 136)
(231, 143, 127)
(225, 152, 123)
(212, 123, 102)
(188, 122, 101)
(201, 114, 95)
(228, 128, 128)
(192, 92, 92)
(228, 142, 109)
(179, 135, 98)
(255, 152, 145)
(254, 135, 128)
(237, 134, 125)
(221, 118, 109)
(203, 141, 120)
(201, 139, 118)
(185, 123, 102)
(212, 128, 112)
(206, 131, 109)
(206, 151, 132)
(235, 135, 122)
(183, 141, 132)
(204, 135, 128)
(212, 122, 106)
(152, 118, 97)
(219, 140, 123)
(203, 134, 116)
(178, 143, 126)
(230, 152, 144)
(201, 123, 115)
(244, 145, 139)
(225, 147, 139)
(255, 144, 139)
(234, 147, 137)
(221, 142, 125)
(254, 140, 130)
(247, 147, 134)
(245, 145, 132)
(233, 154, 139)
(250, 136, 126)
(247, 133, 123)
(221, 111, 101)
(233, 123, 113)
(246, 146, 133)
(192, 121, 112)
(231, 160, 151)
(223, 146, 133)
(229, 152, 139)
(231, 119, 109)
(237, 165, 140)
(255, 165, 151)
(255, 155, 133)
(255, 158, 142)
(255, 152, 136)
(230, 151, 134)
(241, 140, 111)
(230, 129, 100)
(192, 132, 115)
(206, 132, 117)
(241, 155, 139)
(235, 149, 133)
(255, 143, 123)
(228, 151, 148)
(223, 144, 127)
(211, 132, 115)
(254, 149, 126)
(255, 153, 130)
(255, 157, 128)
(252, 151, 122)
(230, 149, 121)
(216, 156, 139)
(219, 159, 142)
(220, 146, 131)
(213, 141, 126)
(254, 170, 139)
(216, 132, 101)
(200, 129, 109)
(226, 140, 124)
(228, 142, 126)
(205, 150, 131)
(255, 177, 161)
(255, 137, 117)
(255, 137, 115)
(218, 141, 138)
(246, 160, 146)
(240, 154, 140)
(245, 140, 128)
(246, 141, 129)
(230, 151, 136)
(214, 137, 112)
(230, 153, 128)
(255, 175, 153)
(242, 152, 128)
(212, 152, 135)
(245, 138, 124)
(255, 158, 129)
(230, 162, 148)
(241, 167, 152)
(215, 150, 134)
(195, 141, 126)
(244, 160, 127)
(234, 150, 117)
(193, 109, 76)
(216, 132, 118)
(255, 132, 112)
(236, 155, 140)
(231, 141, 127)
(203, 148, 131)
(215, 160, 143)
(214, 146, 132)
(226, 158, 144)
(195, 111, 78)
(243, 159, 145)
(191, 145, 127)
(255, 146, 126)
(255, 135, 115)
(234, 153, 138)
(201, 146, 129)
(210, 152, 135)
(250, 144, 127)
(252, 149, 120)
(201, 153, 135)
(197, 142, 123)
(234, 152, 121)
(236, 151, 115)
(213, 153, 134)
(235, 140, 117)
(227, 139, 123)
(199, 145, 130)
(255, 140, 115)
(200, 156, 136)
(176, 132, 112)
(246, 161, 125)
(243, 148, 125)
(236, 141, 118)
(255, 146, 138)
(207, 153, 131)
(252, 142, 116)
(218, 139, 114)
(219, 119, 96)
(190, 111, 86)
(202, 144, 117)
(222, 140, 116)
(250, 161, 122)
(205, 151, 136)
(227, 150, 137)
(255, 130, 113)
(255, 140, 113)
(242, 142, 119)
(227, 148, 123)
(215, 136, 111)
(206, 124, 100)
(202, 125, 112)
(203, 126, 113)
(215, 128, 109)
(219, 132, 113)
(255, 148, 130)
(203, 153, 131)
(255, 142, 117)
(249, 141, 115)
(170, 132, 103)
(190, 152, 123)
(204, 144, 114)
(208, 125, 97)
(230, 144, 113)
(252, 161, 120)
(156, 115, 90)
(249, 154, 131)
(255, 169, 146)
(245, 139, 113)
(255, 142, 113)
(255, 141, 112)
(253, 160, 136)
(242, 151, 110)
(216, 121, 98)
(194, 122, 97)
(244, 158, 134)
(246, 140, 114)
(218, 145, 116)
(239, 159, 137)
(246, 166, 144)
(227, 134, 110)
(243, 142, 113)
(244, 153, 112)
(207, 118, 108)
(229, 157, 132)
(217, 128, 109)
(255, 171, 152)
(182, 136, 134)
(244, 143, 112)
(221, 136, 108)
(249, 169, 147)
(196, 161, 131)
(224, 141, 113)
(157, 132, 121)
(184, 159, 148)
(234, 143, 102)
(239, 167, 142)
(244, 155, 136)
(246, 157, 138)
(244, 155, 134)
(225, 148, 135)
(237, 136, 105)
(246, 145, 114)
(209, 122, 101)
(243, 162, 145)
(246, 144, 129)
(241, 139, 124)
(227, 146, 129)
(249, 154, 139)
(208, 146, 123)
(219, 136, 115)
(210, 153, 154)
(215, 158, 159)
(181, 158, 147)
(213, 158, 148)
(188, 133, 123)
(234, 156, 148)
(232, 154, 146)
(231, 143, 129)
(195, 127, 113)
(212, 144, 130)
(255, 168, 157)
(196, 139, 131)
(176, 119, 111)
(224, 145, 120)
(255, 163, 153)
(255, 140, 122)
(211, 149, 126)
(185, 128, 129)
(229, 141, 127)
(193, 125, 111)
(242, 139, 128)
(225, 122, 111)
(189, 141, 139)
(189, 132, 124)
(243, 143, 120)
(197, 137, 129)
(227, 152, 132)
(215, 135, 115)
(250, 153, 147)
(236, 139, 133)
(215, 144, 124)
(219, 145, 119)
(215, 144, 122)
(230, 155, 135)
(214, 134, 114)
(238, 143, 120)
(255, 157, 148)
(213, 131, 118)
(223, 150, 139)
(242, 141, 130)
(194, 133, 118)
(198, 148, 139)
(159, 109, 100)
(204, 154, 145)
(211, 161, 152)
(152, 113, 101)
(164, 126, 125)
(165, 127, 126)
(133, 117, 108)
(163, 158, 148)
(196, 169, 165)
(198, 146, 144)
(251, 149, 114)
(194, 146, 128)
(199, 151, 133)
(255, 178, 158)
(240, 146, 126)
(192, 146, 126)
(197, 146, 140)
(214, 149, 123)
(195, 144, 138)
(200, 135, 109)
(202, 137, 111)
(211, 131, 109)
(237, 120, 102)
(188, 97, 85)
(255, 158, 124)
(227, 148, 122)
(223, 144, 118)
(229, 159, 133)
(155, 85, 59)
(247, 129, 116)
(251, 133, 120)
(242, 146, 126)
(245, 149, 129)
(217, 163, 139)
(220, 129, 108)
(242, 151, 130)
(238, 147, 126)
(232, 149, 128)
(213, 140, 118)
(217, 144, 122)
(219, 157, 134)
(255, 150, 132)
(223, 143, 123)
(226, 135, 123)
(255, 161, 142)
(253, 131, 106)
(250, 157, 127)
(255, 160, 126)
(179, 109, 83)
(208, 146, 138)
(254, 167, 155)
(234, 147, 135)
(205, 166, 143)
(231, 149, 125)
(225, 143, 119)
(248, 171, 145)
(222, 145, 119)
(255, 151, 135)
(249, 129, 113)
(226, 140, 116)
(230, 144, 120)
(209, 149, 132)
(194, 127, 109)
(201, 149, 127)
(235, 165, 139)
(249, 142, 119)
(230, 146, 132)
(223, 158, 132)
(219, 127, 100)
(231, 144, 132)
(239, 157, 133)
(202, 158, 129)
(204, 127, 101)
(255, 154, 138)
(243, 154, 135)
(237, 144, 121)
(234, 141, 118)
(232, 162, 136)
(250, 143, 120)
(206, 122, 108)
(227, 143, 129)
(192, 141, 124)
(221, 129, 102)
(233, 144, 134)
(188, 119, 90)
(206, 137, 108)
(241, 141, 126)
(246, 142, 116)
(248, 155, 131)
(244, 148, 116)
(223, 150, 137)
(204, 147, 123)
(237, 142, 118)
(226, 138, 105)
(202, 133, 104)
(247, 143, 117)
(212, 139, 126)
(211, 138, 125)
(233, 147, 114)
(232, 144, 111)
(246, 143, 132)
(193, 147, 127)
(238, 149, 130)
(220, 140, 109)
(232, 141, 120)
(249, 140, 128)
(243, 145, 115)
(246, 144, 118)
(233, 167, 153)
(237, 162, 149)
(238, 151, 115)
(226, 155, 133)
(223, 143, 112)
(242, 144, 114)
(250, 148, 122)
(206, 131, 118)
(228, 172, 178)
(241, 138, 127)
(173, 144, 118)
(201, 172, 146)
(237, 136, 107)
(189, 143, 125)
(171, 115, 121)
(199, 143, 149)
(244, 172, 147)
(248, 161, 125)
(117, 88, 62)
(221, 150, 128)
(205, 134, 112)
(223, 125, 95)
(239, 136, 113)
(200, 128, 103)
(223, 151, 126)
(251, 164, 128)
(243, 137, 127)
(255, 153, 139)
(250, 146, 127)
(232, 140, 124)
(193, 147, 129)
(253, 148, 119)
(239, 134, 105)
(248, 144, 127)
(190, 137, 118)
(227, 153, 136)
(225, 134, 115)
(234, 144, 119)
(237, 153, 137)
(231, 148, 140)
(213, 130, 122)
(255, 172, 143)
(255, 161, 132)
(187, 148, 136)
(226, 139, 129)
(214, 140, 123)
(214, 123, 104)
(223, 133, 108)
(245, 164, 149)
(207, 126, 111)
(236, 141, 126)
(255, 168, 153)
(228, 133, 120)
(187, 120, 104)
(235, 148, 138)
(237, 145, 129)
(187, 113, 98)
(229, 152, 120)
(251, 144, 115)
(233, 141, 134)
(229, 137, 130)
(214, 157, 135)
(242, 153, 143)
(201, 150, 133)
(190, 159, 135)
(217, 137, 117)
(209, 156, 137)
(205, 152, 133)
(211, 116, 101)
(207, 140, 124)
(245, 144, 135)
(220, 133, 123)
(235, 143, 127)
(234, 160, 145)
(181, 133, 131)
(247, 134, 131)
(255, 143, 140)
(176, 119, 97)
(255, 152, 144)
(238, 143, 142)
(216, 137, 122)
(211, 132, 117)
(153, 102, 85)
(246, 139, 136)
(243, 136, 133)
(235, 136, 130)
(236, 137, 131)
(196, 143, 124)
(239, 143, 132)
(235, 151, 120)
(138, 96, 85)
(116, 74, 63)
(241, 145, 134)
(255, 146, 118)
(229, 156, 143)
(222, 150, 125)
(248, 139, 127)
(249, 153, 133)
(186, 138, 127)
(179, 121, 117)
(255, 154, 135)
(235, 135, 112)
(255, 162, 139)
(255, 154, 132)
(255, 165, 135)
(215, 141, 116)
(232, 137, 114)
(237, 142, 119)
(255, 147, 114)
(220, 141, 115)
(254, 154, 130)
(203, 145, 118)
(201, 143, 115)
(235, 156, 130)
(241, 135, 118)
(233, 148, 120)
(233, 145, 129)
(238, 145, 113)
(237, 144, 112)
(255, 154, 141)
(245, 129, 116)
(226, 151, 131)
(224, 149, 129)
(222, 143, 126)
(255, 134, 123)
(255, 131, 120)
(252, 155, 128)
(230, 146, 113)
(196, 133, 98)
(207, 144, 109)
(219, 130, 111)
(147, 78, 62)